 -3.960000 0.000375
 -3.880000 0.000250
 -3.800000 0.000125
 -3.720000 0.000250
 -3.640000 0.000625
 -3.560000 0.000500
 -3.480000 0.000625
 -3.400000 0.001125
 -3.320000 0.001875
 -3.240000 0.001500
 -3.160000 0.002125
 -3.080000 0.003000
 -3.000000 0.005125
 -2.920000 0.006000
 -2.840000 0.006875
 -2.760000 0.008375
 -2.680000 0.013000
 -2.600000 0.012125
 -2.520000 0.014750
 -2.440000 0.021375
 -2.360000 0.026750
 -2.280000 0.028375
 -2.200000 0.033875
 -2.120000 0.041000
 -2.040000 0.049125
 -1.960000 0.058500
 -1.880000 0.067125
 -1.800000 0.077625
 -1.720000 0.089875
 -1.640000 0.108750
 -1.560000 0.115875
 -1.480000 0.132500
 -1.400000 0.149125
 -1.320000 0.168375
 -1.240000 0.183250
 -1.160000 0.202625
 -1.080000 0.215875
 -1.000000 0.239625
 -0.920000 0.259375
 -0.840000 0.273375
 -0.760000 0.297125
 -0.680000 0.309625
 -0.600000 0.333125
 -0.520000 0.345125
 -0.440000 0.354375
 -0.360000 0.370750
 -0.280000 0.387750
 -0.200000 0.398250
 -0.120000 0.390625
 -0.040000 0.394250
 0.040000 0.403625
 0.120000 0.395000
 0.200000 0.389375
 0.280000 0.390125
 0.360000 0.390750
 0.440000 0.363375
 0.520000 0.355500
 0.600000 0.337125
 0.680000 0.325375
 0.760000 0.298125
 0.840000 0.278500
 0.920000 0.264875
 1.000000 0.241875
 1.080000 0.221625
 1.160000 0.201125
 1.240000 0.179250
 1.320000 0.168250
 1.400000 0.149500
 1.480000 0.134750
 1.560000 0.123500
 1.640000 0.100750
 1.720000 0.088625
 1.800000 0.080125
 1.880000 0.071250
 1.960000 0.059500
 2.040000 0.047250
 2.120000 0.046625
 2.200000 0.035000
 2.280000 0.029625
 2.360000 0.024375
 2.440000 0.020625
 2.520000 0.017000
 2.600000 0.013375
 2.680000 0.011625
 2.760000 0.008500
 2.840000 0.006875
 2.920000 0.004375
 3.000000 0.005000
 3.080000 0.003875
 3.160000 0.002875
 3.240000 0.002125
 3.320000 0.002000
 3.400000 0.001125
 3.480000 0.000750
 3.560000 0.001250
 3.640000 0.000500
 3.720000 0.000375
 3.800000 0.000000
 3.880000 0.000000
 3.960000 0.000625
