 0.005000 1.005000
 0.015000 1.013000
 0.025000 0.987000
 0.035000 1.014000
 0.045000 1.013000
 0.055000 0.975000
 0.065000 1.031000
 0.075000 1.004000
 0.085000 0.981000
 0.095000 1.002000
 0.105000 1.000000
 0.115000 1.008000
 0.125000 0.982000
 0.135000 1.032000
 0.145000 1.000000
 0.155000 0.955000
 0.165000 0.995000
 0.175000 0.974000
 0.185000 1.058000
 0.195000 1.012000
 0.205000 0.994000
 0.215000 1.031000
 0.225000 1.019000
 0.235000 0.999000
 0.245000 0.976000
 0.255000 1.000000
 0.265000 1.024000
 0.275000 1.013000
 0.285000 1.084000
 0.295000 0.969000
 0.305000 1.020000
 0.315000 1.010000
 0.325000 1.015000
 0.335000 0.987000
 0.345000 1.033000
 0.355000 1.027000
 0.365000 1.005000
 0.375000 0.990000
 0.385000 0.994000
 0.395000 0.926000
 0.405000 0.946000
 0.415000 0.978000
 0.425000 1.013000
 0.435000 1.042000
 0.445000 0.969000
 0.455000 0.989000
 0.465000 1.027000
 0.475000 0.996000
 0.485000 1.032000
 0.495000 1.022000
 0.505000 1.021000
 0.515000 1.065000
 0.525000 1.016000
 0.535000 0.975000
 0.545000 0.993000
 0.555000 1.069000
 0.565000 0.973000
 0.575000 0.995000
 0.585000 0.996000
 0.595000 0.966000
 0.605000 1.020000
 0.615000 0.974000
 0.625000 0.974000
 0.635000 1.002000
 0.645000 0.967000
 0.655000 1.033000
 0.665000 0.981000
 0.675000 0.994000
 0.685000 1.033000
 0.695000 0.966000
 0.705000 0.952000
 0.715000 1.025000
 0.725000 0.966000
 0.735000 1.027000
 0.745000 1.035000
 0.755000 0.946000
 0.765000 1.008000
 0.775000 1.056000
 0.785000 1.013000
 0.795000 0.966000
 0.805000 0.933000
 0.815000 0.929000
 0.825000 1.027000
 0.835000 0.962000
 0.845000 0.952000
 0.855000 1.010000
 0.865000 0.995000
 0.875000 1.023000
 0.885000 0.990000
 0.895000 0.996000
 0.905000 0.974000
 0.915000 0.976000
 0.925000 0.947000
 0.935000 0.995000
 0.945000 0.983000
 0.955000 1.068000
 0.965000 0.980000
 0.975000 1.018000
 0.985000 1.040000
 0.995000 1.024000
