 -3.600000 -3.600000 0.000000
 -3.600000 -2.800000 0.000000
 -3.600000 -2.000000 0.000000
 -3.600000 -1.200000 0.000156
 -3.600000 -0.400000 0.000156
 -3.600000 0.400000 0.000000
 -3.600000 1.200000 0.000000
 -3.600000 2.000000 0.000000
 -3.600000 2.800000 0.000000
 -3.600000 3.600000 0.000000
 -2.800000 -3.600000 0.000000
 -2.800000 -2.800000 0.000000
 -2.800000 -2.000000 0.000000
 -2.800000 -1.200000 0.001250
 -2.800000 -0.400000 0.004375
 -2.800000 0.400000 0.004062
 -2.800000 1.200000 0.002187
 -2.800000 2.000000 0.000469
 -2.800000 2.800000 0.000312
 -2.800000 3.600000 0.000156
 -2.000000 -3.600000 0.000156
 -2.000000 -2.800000 0.001406
 -2.000000 -2.000000 0.002187
 -2.000000 -1.200000 0.008750
 -2.000000 -0.400000 0.022187
 -2.000000 0.400000 0.024062
 -2.000000 1.200000 0.010000
 -2.000000 2.000000 0.002812
 -2.000000 2.800000 0.000625
 -2.000000 3.600000 0.000000
 -1.200000 -3.600000 0.000000
 -1.200000 -2.800000 0.002031
 -1.200000 -2.000000 0.012969
 -1.200000 -1.200000 0.034687
 -1.200000 -0.400000 0.072344
 -1.200000 0.400000 0.072344
 -1.200000 1.200000 0.040156
 -1.200000 2.000000 0.010469
 -1.200000 2.800000 0.001719
 -1.200000 3.600000 0.000469
 -0.400000 -3.600000 0.000156
 -0.400000 -2.800000 0.003594
 -0.400000 -2.000000 0.018750
 -0.400000 -1.200000 0.068750
 -0.400000 -0.400000 0.129844
 -0.400000 0.400000 0.130469
 -0.400000 1.200000 0.070312
 -0.400000 2.000000 0.019531
 -0.400000 2.800000 0.002812
 -0.400000 3.600000 0.000312
 0.400000 -3.600000 0.000312
 0.400000 -2.800000 0.005469
 0.400000 -2.000000 0.021094
 0.400000 -1.200000 0.070625
 0.400000 -0.400000 0.119219
 0.400000 0.400000 0.131562
 0.400000 1.200000 0.070156
 0.400000 2.000000 0.023281
 0.400000 2.800000 0.001562
 0.400000 3.600000 0.000156
 1.200000 -3.600000 0.000000
 1.200000 -2.800000 0.001562
 1.200000 -2.000000 0.009219
 1.200000 -1.200000 0.039375
 1.200000 -0.400000 0.075937
 1.200000 0.400000 0.068125
 1.200000 1.200000 0.037031
 1.200000 2.000000 0.011875
 1.200000 2.800000 0.002812
 1.200000 3.600000 0.000469
 2.000000 -3.600000 0.000000
 2.000000 -2.800000 0.000469
 2.000000 -2.000000 0.003594
 2.000000 -1.200000 0.014375
 2.000000 -0.400000 0.023125
 2.000000 0.400000 0.019844
 2.000000 1.200000 0.012812
 2.000000 2.000000 0.004219
 2.000000 2.800000 0.000937
 2.000000 3.600000 0.000156
 2.800000 -3.600000 0.000000
 2.800000 -2.800000 0.000000
 2.800000 -2.000000 0.001094
 2.800000 -1.200000 0.002656
 2.800000 -0.400000 0.004375
 2.800000 0.400000 0.003281
 2.800000 1.200000 0.002500
 2.800000 2.000000 0.001094
 2.800000 2.800000 0.000000
 2.800000 3.600000 0.000156
 3.600000 -3.600000 0.000000
 3.600000 -2.800000 0.000000
 3.600000 -2.000000 0.000000
 3.600000 -1.200000 0.000000
 3.600000 -0.400000 0.000312
 3.600000 0.400000 0.000000
 3.600000 1.200000 0.000156
 3.600000 2.000000 0.000000
 3.600000 2.800000 0.000000
 3.600000 3.600000 0.000000
