 -0.067403 0.000161
 -0.005435 0.000645
 0.056533 0.000323
 0.118500 0.000161
 0.180468 0.000807
 0.242436 0.001291
 0.304404 0.001452
 0.366371 0.001130
 0.428339 0.001614
 0.490307 0.002098
 0.552274 0.004196
 0.614242 0.004680
 0.676210 0.007423
 0.738178 0.006455
 0.800145 0.009360
 0.862113 0.008714
 0.924081 0.014040
 0.986049 0.020172
 1.048016 0.024206
 1.109984 0.026627
 1.171952 0.032759
 1.233920 0.038730
 1.295887 0.049058
 1.357855 0.055351
 1.419823 0.061645
 1.481791 0.074394
 1.543758 0.090370
 1.605726 0.102634
 1.667694 0.116190
 1.729661 0.128293
 1.791629 0.156694
 1.853597 0.176866
 1.915565 0.195424
 1.977532 0.197684
 2.039500 0.232056
 2.101468 0.256585
 2.163435 0.286439
 2.225403 0.304997
 2.287371 0.335659
 2.349339 0.370838
 2.411306 0.385523
 2.473274 0.425705
 2.535242 0.436518
 2.597210 0.450396
 2.659177 0.472988
 2.721145 0.485575
 2.783113 0.486382
 2.845081 0.510266
 2.907048 0.508168
 2.969016 0.513654
 3.030984 0.520432
 3.092952 0.520755
 3.154919 0.528339
 3.216887 0.492999
 3.278855 0.470567
 3.340822 0.453785
 3.402790 0.437970
 3.464758 0.436356
 3.526726 0.412473
 3.588693 0.374227
 3.650661 0.377293
 3.712629 0.339854
 3.774597 0.309839
 3.836564 0.281275
 3.898532 0.259329
 3.960500 0.245450
 4.022468 0.215273
 4.084435 0.184128
 4.146403 0.166538
 4.208371 0.155081
 4.270339 0.124258
 4.332306 0.124258
 4.394274 0.100698
 4.456242 0.086819
 4.518209 0.077298
 4.580177 0.067132
 4.642145 0.051317
 4.704113 0.040505
 4.766080 0.039859
 4.828048 0.031791
 4.890016 0.029047
 4.951983 0.020817
 5.013951 0.017428
 5.075919 0.016137
 5.137887 0.011619
 5.199854 0.010812
 5.261822 0.009198
 5.323790 0.004841
 5.385757 0.004518
 5.447725 0.004357
 5.509693 0.001936
 5.571661 0.001614
 5.633629 0.001775
 5.695596 0.000484
 5.757564 0.000484
 5.819532 0.000968
 5.881500 0.000323
 5.943467 0.000161
 6.005435 0.000323
 6.067403 0.000161
