 1.229034 0.000559
 1.264811 0.000559
 1.300588 0.000559
 1.336365 0.000839
 1.372143 0.000559
 1.407920 0.002236
 1.443697 0.000839
 1.479474 0.003354
 1.515251 0.003354
 1.551028 0.004752
 1.586805 0.003913
 1.622582 0.008665
 1.658359 0.010901
 1.694136 0.012298
 1.729913 0.016771
 1.765690 0.015932
 1.801468 0.024597
 1.837245 0.032423
 1.873022 0.039411
 1.908799 0.045001
 1.944576 0.057020
 1.980353 0.064287
 2.016130 0.076026
 2.051907 0.096989
 2.087684 0.101182
 2.123461 0.143947
 2.159238 0.162674
 2.195015 0.181960
 2.230793 0.209631
 2.266570 0.231713
 2.302347 0.266372
 2.338124 0.292366
 2.373901 0.334013
 2.409678 0.370069
 2.445455 0.396343
 2.481232 0.467338
 2.517009 0.505072
 2.552786 0.519886
 2.588563 0.584173
 2.624341 0.624142
 2.660118 0.662156
 2.695895 0.687032
 2.731672 0.757468
 2.767449 0.796879
 2.803226 0.822034
 2.839003 0.816165
 2.874780 0.870669
 2.910557 0.870389
 2.946334 0.886601
 2.982111 0.906167
 3.017889 0.890514
 3.053666 0.893868
 3.089443 0.856973
 3.125220 0.865079
 3.160997 0.808339
 3.196774 0.816724
 3.232551 0.806941
 3.268328 0.722809
 3.304105 0.690107
 3.339882 0.663833
 3.375659 0.655727
 3.411437 0.586129
 3.447214 0.547278
 3.482991 0.502277
 3.518768 0.456996
 3.554545 0.408362
 3.590322 0.362523
 3.626099 0.325907
 3.661876 0.310534
 3.697653 0.258545
 3.733430 0.239259
 3.769207 0.195376
 3.804985 0.183358
 3.840762 0.157643
 3.876539 0.125220
 3.912316 0.108729
 3.948093 0.095033
 3.983870 0.077144
 4.019647 0.060933
 4.055424 0.056181
 4.091201 0.048355
 4.126978 0.037734
 4.162755 0.030187
 4.198533 0.022640
 4.234310 0.020404
 4.270087 0.015093
 4.305864 0.012578
 4.341641 0.012019
 4.377418 0.008106
 4.413195 0.005311
 4.448972 0.005590
 4.484749 0.006149
 4.520526 0.002236
 4.556304 0.002236
 4.592081 0.001957
 4.627857 0.000559
 4.663634 0.000280
 4.699411 0.000280
 4.735188 0.000000
 4.770966 0.000280
