 -17.522619 0.000000
 -17.269638 0.000000
 -17.016655 0.000158
 -16.763672 0.000119
 -16.510691 0.000237
 -16.257710 0.000237
 -16.004726 0.000316
 -15.751743 0.000593
 -15.498762 0.000514
 -15.245779 0.000514
 -14.992798 0.000751
 -14.739815 0.001186
 -14.486834 0.001344
 -14.233850 0.001660
 -13.980869 0.002648
 -13.727886 0.002807
 -13.474905 0.002886
 -13.221922 0.004467
 -12.968941 0.005692
 -12.715958 0.006878
 -12.462976 0.007748
 -12.209993 0.009171
 -11.957010 0.011621
 -11.704029 0.012372
 -11.451046 0.014863
 -11.198065 0.018262
 -10.945082 0.021345
 -10.692101 0.025140
 -10.439117 0.030714
 -10.186136 0.029765
 -9.933153 0.037078
 -9.680172 0.042019
 -9.427189 0.047909
 -9.174208 0.053047
 -8.921225 0.058937
 -8.668243 0.064392
 -8.415260 0.071665
 -8.162279 0.076685
 -7.909297 0.084630
 -7.656314 0.087318
 -7.403332 0.098070
 -7.150349 0.100047
 -6.897367 0.105581
 -6.644385 0.110245
 -6.391403 0.116095
 -6.138421 0.117597
 -5.885438 0.121708
 -5.632456 0.122973
 -5.379474 0.125819
 -5.126492 0.129614
 -4.873510 0.125029
 -4.620528 0.122894
 -4.367546 0.125147
 -4.114563 0.120404
 -3.861581 0.118744
 -3.608598 0.113565
 -3.355616 0.107676
 -3.102634 0.105185
 -2.849652 0.101865
 -2.596669 0.094829
 -2.343687 0.086093
 -2.090705 0.082417
 -1.837723 0.072060
 -1.584741 0.073997
 -1.331758 0.063759
 -1.078776 0.057909
 -0.825794 0.053522
 -0.572812 0.047118
 -0.319830 0.044074
 -0.066848 0.038501
 0.186134 0.032848
 0.439117 0.030200
 0.692099 0.024191
 0.945081 0.020832
 1.198063 0.018934
 1.451045 0.016444
 1.704027 0.013361
 1.957010 0.010475
 2.209992 0.008696
 2.462974 0.006285
 2.715956 0.005929
 2.968939 0.005297
 3.221921 0.004150
 3.474903 0.002767
 3.727885 0.002886
 3.980867 0.002055
 4.233850 0.001423
 4.486832 0.001542
 4.739814 0.001107
 4.992796 0.000712
 5.245778 0.000514
 5.498760 0.000474
 5.751742 0.000395
 6.004725 0.000316
 6.257707 0.000119
 6.510689 0.000158
 6.763672 0.000119
 7.016654 0.000079
 7.269636 0.000000
 7.522618 0.000040
