 -22.709660 0.000028
 -22.351887 0.000056
 -21.994118 0.000084
 -21.636345 0.000056
 -21.278576 0.000056
 -20.920803 0.000140
 -20.563034 0.000140
 -20.205261 0.000335
 -19.847492 0.000168
 -19.489719 0.000447
 -19.131950 0.000866
 -18.774178 0.000727
 -18.416409 0.000699
 -18.058636 0.001286
 -17.700867 0.001509
 -17.343094 0.002264
 -16.985325 0.002124
 -16.627552 0.002823
 -16.269783 0.003410
 -15.912011 0.005087
 -15.554240 0.005115
 -15.196469 0.006457
 -14.838699 0.008581
 -14.480928 0.010062
 -14.123158 0.010314
 -13.765387 0.012829
 -13.407616 0.015289
 -13.049845 0.017274
 -12.692074 0.020181
 -12.334303 0.022333
 -11.976532 0.026162
 -11.618761 0.029237
 -11.260990 0.032311
 -10.903219 0.036783
 -10.545448 0.041228
 -10.187677 0.044945
 -9.829906 0.051569
 -9.472136 0.053945
 -9.114365 0.060877
 -8.756594 0.062247
 -8.398823 0.068563
 -8.041052 0.070213
 -7.683280 0.073874
 -7.325510 0.077340
 -6.967739 0.079073
 -6.609969 0.081477
 -6.252198 0.086508
 -5.894427 0.086536
 -5.536656 0.087905
 -5.178885 0.090169
 -4.821114 0.088968
 -4.463343 0.090337
 -4.105572 0.086927
 -3.747802 0.085641
 -3.390031 0.084747
 -3.032260 0.080694
 -2.674489 0.079520
 -2.316718 0.075635
 -1.958947 0.072868
 -1.601176 0.068116
 -1.243405 0.063448
 -0.885634 0.059144
 -0.527863 0.054113
 -0.170092 0.047740
 0.187679 0.043687
 0.545449 0.041479
 0.903220 0.039019
 1.260991 0.033178
 1.618762 0.028761
 1.976533 0.025156
 2.334304 0.022500
 2.692075 0.020795
 3.049846 0.017302
 3.407617 0.015485
 3.765388 0.013388
 4.123159 0.011544
 4.480930 0.009308
 4.838701 0.007686
 5.196472 0.007379
 5.554243 0.005395
 5.912014 0.005227
 6.269784 0.003214
 6.627555 0.003326
 6.985326 0.002516
 7.343097 0.001789
 7.700868 0.001509
 8.058639 0.001314
 8.416409 0.001258
 8.774180 0.000839
 9.131950 0.000559
 9.489721 0.000531
 9.847492 0.000307
 10.205263 0.000280
 10.563034 0.000224
 10.920805 0.000056
 11.278576 0.000196
 11.636347 0.000000
 11.994118 0.000084
 12.351889 0.000056
 12.709660 0.000028
